1,1,0
0.5,2,1.8356
0.33333,3,1.268
0.25,4,0.96339
0.2,5,0.77544
0.16667,6,0.64837
0.14286,7,0.55687
0.125,8,0.48791
0.11111,9,0.43409
0.1,10,0.39093
0.090909,11,0.35556
0.083333,12,0.32605
0.076923,13,0.30106
0.071429,14,0.27962
0.066667,15,0.26102
0.0625,16,0.24475
0.058824,17,0.23038
0.055556,18,0.2176
0.052632,19,0.20617
0.05,20,0.19587
0.047619,21,0.18656
0.045455,22,0.17809
0.043478,23,0.17035
0.041667,24,0.16326
0.04,25,0.15674
0.038462,26,0.15071
0.037037,27,0.14514
0.035714,28,0.13996
0.034483,29,0.13513
0.033333,30,0.13063
0.032258,31,0.12642
0.03125,32,0.12247
0.030303,33,0.11876
0.029412,34,0.11527
0.028571,35,0.11198
0.027778,36,0.10887
0.027027,37,0.10593
0.026316,38,0.10314
0.025641,39,0.1005
0.025,40,0.097988
0.02439,41,0.095599
0.02381,42,0.093323
0.023256,43,0.091154
0.022727,44,0.089083
0.022222,45,0.087104
0.021739,46,0.085211
0.021277,47,0.083398
0.020833,48,0.081661
0.020408,49,0.079995
0.02,50,0.078395
0.019608,51,0.076858
0.019231,52,0.075381
0.018868,53,0.073959
0.018519,54,0.072589
0.018182,55,0.07127
0.017857,56,0.069997
0.017544,57,0.06877
0.017241,58,0.067584
0.016949,59,0.066439
0.016667,60,0.065332
0.016393,61,0.064261
0.016129,62,0.063224
0.015873,63,0.062221
0.015625,64,0.061249
0.015385,65,0.060307
0.015152,66,0.059393
0.014925,67,0.058507
0.014706,68,0.057647
0.014493,69,0.056811
0.014286,70,0.056
0.014085,71,0.055211
0.013889,72,0.054444
0.013699,73,0.053699
0.013514,74,0.052973
0.013333,75,0.052267
0.013158,76,0.051579
0.012987,77,0.050909
0.012821,78,0.050257
0.012658,79,0.049621
0.0125,80,0.049
0.012346,81,0.048395
0.012195,82,0.047805
0.012048,83,0.047229
0.011905,84,0.046667
0.011765,85,0.046118
0.011628,86,0.045582
0.011494,87,0.045058
0.011364,88,0.044546
0.011236,89,0.044046
0.011111,90,0.043556
0.010989,91,0.043078
0.01087,92,0.042609
0.010753,93,0.042151
0.010638,94,0.041703
0.010526,95,0.041264
0.010417,96,0.040834
0.010309,97,0.040413
0.010204,98,0.040001
0.010101,99,0.039597
0.01,100,0.039201
0.009901,101,0.038813
0.0098039,102,0.038432
0.0097087,103,0.038059
0.0096154,104,0.037693
0.0095238,105,0.037334
0.009434,106,0.036982
0.0093458,107,0.036637
0.0092593,108,0.036297
0.0091743,109,0.035964
0.0090909,110,0.035637
0.009009,111,0.035316
0.0089286,112,0.035001
0.0088496,113,0.034691
0.0087719,114,0.034387
0.0086957,115,0.034088
0.0086207,116,0.033794
0.008547,117,0.033505
0.0084746,118,0.033221
0.0084034,119,0.032942
0.0083333,120,0.032668
0.0082645,121,0.032398
0.0081967,122,0.032132
0.0081301,123,0.031871
0.0080645,124,0.031614
0.008,125,0.031361
0.0079365,126,0.031112
0.007874,127,0.030867
0.0078125,128,0.030626
0.0077519,129,0.030389
0.0076923,130,0.030155
0.0076336,131,0.029925
0.0075758,132,0.029698
0.0075188,133,0.029475
0.0074627,134,0.029255
0.0074074,135,0.029038
0.0073529,136,0.028825
0.0072993,137,0.028614
0.0072464,138,0.028407
0.0071942,139,0.028202
0.0071429,140,0.028001
0.0070922,141,0.027802
0.0070423,142,0.027607
0.006993,143,0.027414
0.0069444,144,0.027223
0.0068966,145,0.027036
0.0068493,146,0.02685
0.0068027,147,0.026668
0.0067568,148,0.026488
0.0067114,149,0.02631
0.0066667,150,0.026134
0.0066225,151,0.025961
0.0065789,152,0.02579
0.0065359,153,0.025622
0.0064935,154,0.025456
0.0064516,155,0.025291
0.0064103,156,0.025129
0.0063694,157,0.024969
0.0063291,158,0.024811
0.0062893,159,0.024655
0.00625,160,0.024501
0.0062112,161,0.024349
0.0061728,162,0.024199
0.006135,163,0.02405
0.0060976,164,0.023903
0.0060606,165,0.023759
0.0060241,166,0.023615
0.005988,167,0.023474
0.0059524,168,0.023334
0.0059172,169,0.023196
0.0058824,170,0.02306
0.005848,171,0.022925
0.005814,172,0.022792
0.0057803,173,0.02266
0.0057471,174,0.02253
0.0057143,175,0.022401
0.0056818,176,0.022274
0.0056497,177,0.022148
0.005618,178,0.022023
0.0055866,179,0.0219
0.0055556,180,0.021779
0.0055249,181,0.021658
0.0054945,182,0.021539
0.0054645,183,0.021422
0.0054348,184,0.021305
0.0054054,185,0.02119
0.0053763,186,0.021076
0.0053476,187,0.020963
0.0053191,188,0.020852
0.005291,189,0.020742
0.0052632,190,0.020632
0.0052356,191,0.020524
0.0052083,192,0.020418
0.0051813,193,0.020312
0.0051546,194,0.020207
0.0051282,195,0.020103
0.005102,196,0.020001
0.0050761,197,0.019899
0.0050505,198,0.019799
0.0050251,199,0.019699
0.005,200,0.019601
0.0049751,201,0.019503
0.0049505,202,0.019407
0.0049261,203,0.019311
0.004902,204,0.019217
0.004878,205,0.019123
0.0048544,206,0.01903
0.0048309,207,0.018938
0.0048077,208,0.018847
0.0047847,209,0.018757
0.0047619,210,0.018668
0.0047393,211,0.018579
0.004717,212,0.018491
0.0046948,213,0.018405
0.0046729,214,0.018319
0.0046512,215,0.018233
0.0046296,216,0.018149
0.0046083,217,0.018065
0.0045872,218,0.017982
0.0045662,219,0.0179
0.0045455,220,0.017819
0.0045249,221,0.017738
0.0045045,222,0.017658
0.0044843,223,0.017579
0.0044643,224,0.017501
0.0044444,225,0.017423
0.0044248,226,0.017346
0.0044053,227,0.01727
0.004386,228,0.017194
0.0043668,229,0.017119
0.0043478,230,0.017044
0.004329,231,0.01697
0.0043103,232,0.016897
0.0042918,233,0.016825
0.0042735,234,0.016753
0.0042553,235,0.016682
0.0042373,236,0.016611
0.0042194,237,0.016541
0.0042017,238,0.016471
0.0041841,239,0.016402
0.0041667,240,0.016334
0.0041494,241,0.016266
0.0041322,242,0.016199
0.0041152,243,0.016132
0.0040984,244,0.016066
0.0040816,245,0.016001
0.004065,246,0.015936
0.0040486,247,0.015871
0.0040323,248,0.015807
0.0040161,249,0.015744
0.004,250,0.015681
0.0039841,251,0.015618
0.0039683,252,0.015556
0.0039526,253,0.015495
0.003937,254,0.015434
0.0039216,255,0.015373
0.0039063,256,0.015313
0.0038911,257,0.015254
0.003876,258,0.015195
0.003861,259,0.015136
0.0038462,260,0.015078
0.0038314,261,0.01502
0.0038168,262,0.014963
0.0038023,263,0.014906
0.0037879,264,0.014849
0.0037736,265,0.014793
0.0037594,266,0.014738
0.0037453,267,0.014682
0.0037313,268,0.014628
0.0037175,269,0.014573
0.0037037,270,0.014519
0.00369,271,0.014466
0.0036765,272,0.014412
0.003663,273,0.01436
0.0036496,274,0.014307
0.0036364,275,0.014255
0.0036232,276,0.014204
0.0036101,277,0.014152
0.0035971,278,0.014101
0.0035842,279,0.014051
0.0035714,280,0.014001
0.0035587,281,0.013951
0.0035461,282,0.013901
0.0035336,283,0.013852
0.0035211,284,0.013803
0.0035088,285,0.013755
0.0034965,286,0.013707
0.0034843,287,0.013659
0.0034722,288,0.013612
0.0034602,289,0.013565
0.0034483,290,0.013518
0.0034364,291,0.013471
0.0034247,292,0.013425
0.003413,293,0.013379
0.0034014,294,0.013334
0.0033898,295,0.013289
0.0033784,296,0.013244
0.003367,297,0.013199
0.0033557,298,0.013155
0.0033445,299,0.013111
0.0033333,300,0.013067
