1,1,0
0.5,2,1.5931
0.33333,3,1.1707
0.25,4,0.93927
0.2,5,0.79324
0.16667,6,0.69111
0.14286,7,0.61431
0.125,8,0.55357
0.11111,9,0.50385
0.1,10,0.46216
0.090909,11,0.4266
0.083333,12,0.39585
0.076923,13,0.36899
0.071429,14,0.34532
0.066667,15,0.3243
0.0625,16,0.30552
0.058824,17,0.28865
0.055556,18,0.2734
0.052632,19,0.25956
0.05,20,0.24694
0.047619,21,0.2354
0.045455,22,0.2248
0.043478,23,0.21504
0.041667,24,0.20603
0.04,25,0.19767
0.038462,26,0.18992
0.037037,27,0.1827
0.035714,28,0.17596
0.034483,29,0.16966
0.033333,30,0.16376
0.032258,31,0.15823
0.03125,32,0.15303
0.030303,33,0.14813
0.029412,34,0.14351
0.028571,35,0.13915
0.027778,36,0.13503
0.027027,37,0.13113
0.026316,38,0.12743
0.025641,39,0.12392
0.025,40,0.12058
0.02439,41,0.11741
0.02381,42,0.11438
0.023256,43,0.1115
0.022727,44,0.10875
0.022222,45,0.10613
0.021739,46,0.10362
0.021277,47,0.10122
0.020833,48,0.098921
0.020408,49,0.096719
0.02,50,0.094607
0.019608,51,0.09258
0.019231,52,0.090633
0.018868,53,0.088762
0.018519,54,0.086963
0.018182,55,0.085232
0.017857,56,0.083564
0.017544,57,0.081957
0.017241,58,0.080408
0.016949,59,0.078914
0.016667,60,0.077472
0.016393,61,0.076078
0.016129,62,0.074732
0.015873,63,0.073431
0.015625,64,0.072172
0.015385,65,0.070954
0.015152,66,0.069774
0.014925,67,0.068632
0.014706,68,0.067525
0.014493,69,0.066451
0.014286,70,0.06541
0.014085,71,0.0644
0.013889,72,0.063419
0.013699,73,0.062466
0.013514,74,0.061541
0.013333,75,0.060642
0.013158,76,0.059768
0.012987,77,0.058917
0.012821,78,0.05809
0.012658,79,0.057285
0.0125,80,0.056501
0.012346,81,0.055738
0.012195,82,0.054994
0.012048,83,0.05427
0.011905,84,0.053563
0.011765,85,0.052875
0.011628,86,0.052203
0.011494,87,0.051547
0.011364,88,0.050908
0.011236,89,0.050283
0.011111,90,0.049674
0.010989,91,0.049078
0.01087,92,0.048496
0.010753,93,0.047928
0.010638,94,0.047372
0.010526,95,0.046829
0.010417,96,0.046298
0.010309,97,0.045778
0.010204,98,0.04527
0.010101,99,0.044772
0.01,100,0.044286
0.009901,101,0.043809
0.0098039,102,0.043342
0.0097087,103,0.042885
0.0096154,104,0.042437
0.0095238,105,0.041998
0.009434,106,0.041569
0.0093458,107,0.041147
0.0092593,108,0.040734
0.0091743,109,0.040329
0.0090909,110,0.039932
0.009009,111,0.039542
0.0089286,112,0.03916
0.0088496,113,0.038784
0.0087719,114,0.038416
0.0086957,115,0.038055
0.0086207,116,0.0377
0.008547,117,0.037352
0.0084746,118,0.03701
0.0084034,119,0.036674
0.0083333,120,0.036344
0.0082645,121,0.036019
0.0081967,122,0.035701
0.0081301,123,0.035388
0.0080645,124,0.03508
0.008,125,0.034777
0.0079365,126,0.03448
0.007874,127,0.034187
0.0078125,128,0.0339
0.0077519,129,0.033617
0.0076923,130,0.033339
0.0076336,131,0.033065
0.0075758,132,0.032795
0.0075188,133,0.03253
0.0074627,134,0.032269
0.0074074,135,0.032012
0.0073529,136,0.031759
0.0072993,137,0.031511
0.0072464,138,0.031265
0.0071942,139,0.031024
0.0071429,140,0.030786
0.0070922,141,0.030552
0.0070423,142,0.030321
0.006993,143,0.030094
0.0069444,144,0.02987
0.0068966,145,0.029649
0.0068493,146,0.029432
0.0068027,147,0.029218
0.0067568,148,0.029006
0.0067114,149,0.028798
0.0066667,150,0.028593
0.0066225,151,0.02839
0.0065789,152,0.02819
0.0065359,153,0.027993
0.0064935,154,0.027799
0.0064516,155,0.027608
0.0064103,156,0.027419
0.0063694,157,0.027232
0.0063291,158,0.027048
0.0062893,159,0.026867
0.00625,160,0.026688
0.0062112,161,0.026511
0.0061728,162,0.026336
0.006135,163,0.026164
0.0060976,164,0.025994
0.0060606,165,0.025826
0.0060241,166,0.025661
0.005988,167,0.025497
0.0059524,168,0.025335
0.0059172,169,0.025176
0.0058824,170,0.025018
0.005848,171,0.024863
0.005814,172,0.024709
0.0057803,173,0.024557
0.0057471,174,0.024407
0.0057143,175,0.024259
0.0056818,176,0.024112
0.0056497,177,0.023968
0.005618,178,0.023825
0.0055866,179,0.023683
0.0055556,180,0.023544
0.0055249,181,0.023406
0.0054945,182,0.023269
0.0054645,183,0.023134
0.0054348,184,0.023001
0.0054054,185,0.022869
0.0053763,186,0.022739
0.0053476,187,0.02261
0.0053191,188,0.022483
0.005291,189,0.022357
0.0052632,190,0.022232
0.0052356,191,0.022109
0.0052083,192,0.021987
0.0051813,193,0.021866
0.0051546,194,0.021747
0.0051282,195,0.021629
0.005102,196,0.021512
0.0050761,197,0.021397
0.0050505,198,0.021283
0.0050251,199,0.02117
0.005,200,0.021058
0.0049751,201,0.020947
0.0049505,202,0.020837
0.0049261,203,0.020729
0.004902,204,0.020622
0.004878,205,0.020516
0.0048544,206,0.02041
0.0048309,207,0.020306
0.0048077,208,0.020203
0.0047847,209,0.020101
0.0047619,210,0.02
0.0047393,211,0.0199
0.004717,212,0.019801
0.0046948,213,0.019703
0.0046729,214,0.019606
0.0046512,215,0.01951
0.0046296,216,0.019415
0.0046083,217,0.019321
0.0045872,218,0.019228
0.0045662,219,0.019135
0.0045455,220,0.019044
0.0045249,221,0.018953
0.0045045,222,0.018863
0.0044843,223,0.018774
0.0044643,224,0.018686
0.0044444,225,0.018598
0.0044248,226,0.018512
0.0044053,227,0.018426
0.004386,228,0.018341
0.0043668,229,0.018257
0.0043478,230,0.018174
0.004329,231,0.018091
0.0043103,232,0.018009
0.0042918,233,0.017928
0.0042735,234,0.017847
0.0042553,235,0.017768
0.0042373,236,0.017689
0.0042194,237,0.01761
0.0042017,238,0.017533
0.0041841,239,0.017456
0.0041667,240,0.017379
0.0041494,241,0.017304
0.0041322,242,0.017229
0.0041152,243,0.017154
0.0040984,244,0.017081
0.0040816,245,0.017007
0.004065,246,0.016935
0.0040486,247,0.016863
0.0040323,248,0.016792
0.0040161,249,0.016721
0.004,250,0.016651
0.0039841,251,0.016582
0.0039683,252,0.016513
0.0039526,253,0.016444
0.003937,254,0.016377
0.0039216,255,0.016309
0.0039063,256,0.016243
0.0038911,257,0.016176
0.003876,258,0.016111
0.003861,259,0.016046
0.0038462,260,0.015981
0.0038314,261,0.015917
0.0038168,262,0.015854
0.0038023,263,0.015791
0.0037879,264,0.015728
0.0037736,265,0.015666
0.0037594,266,0.015604
0.0037453,267,0.015543
0.0037313,268,0.015483
0.0037175,269,0.015423
0.0037037,270,0.015363
0.00369,271,0.015304
0.0036765,272,0.015245
0.003663,273,0.015187
0.0036496,274,0.015129
0.0036364,275,0.015071
0.0036232,276,0.015014
0.0036101,277,0.014958
0.0035971,278,0.014902
0.0035842,279,0.014846
0.0035714,280,0.014791
0.0035587,281,0.014736
0.0035461,282,0.014681
0.0035336,283,0.014627
0.0035211,284,0.014573
0.0035088,285,0.01452
0.0034965,286,0.014467
0.0034843,287,0.014414
0.0034722,288,0.014362
0.0034602,289,0.01431
0.0034483,290,0.014259
0.0034364,291,0.014208
0.0034247,292,0.014157
0.003413,293,0.014107
0.0034014,294,0.014057
0.0033898,295,0.014007
0.0033784,296,0.013958
0.003367,297,0.013909
0.0033557,298,0.013861
0.0033445,299,0.013812
0.0033333,300,0.013764
